field,display_name,search
date,Date,true
creator,Creator,true
donor,Donor,true
subject,Subjects,true
location,Location,true
